+351 966 479 619
+55 92 8823-0466
+55 32 9950-1283
+55 11 99636-1993
+55 11 99599-2853
+55 11 98520-9904
+55 31 9282-6480
+55 11 97959-4512
+55 18 98143-4113
+55 11 96703-0445
+55 55 8147-9204
+55 17 99164-2085
+55 11 97204-1736
+55 91 8910-5292
+55 11 96293-5899
+61 424 116 764
+55 11 97416-8290
+55 21 97966-4620
+55 71 9725-9775
+55 11 97667-3056
+351 964 471 341
+55 14 99770-6430
+55 41 8836-8194
+55 11 99197-4146
+351 966 863 530
+55 69 9982-8848
+55 11 96414-5642
+55 11 99538-5678
+55 11 99632-6100
+55 12 98200-4157
+55 85 8831-3456
+55 34 9155-9524
+49 162 6007782
+55 21 98710-6812
+55 71 9260-4905
+55 71 8818-0811
+1 (551) 225-9205
+55 11 99489-9526
+55 21 99889-6127
+55 86 8109-6563
+55 11 99945-5511
+55 21 98105-2246
+55 61 8111-3382
+55 19 98134-5070
+55 19 99381-3883
+55 98 8703-3423
+55 11 98262-6122
